weights_input_hidden:[[0.9011140932234034, 0.5575008454139674, 0.13366910819937655, 1.1238080885119988, 0.3279537931341631, 1.4194909715464326, 0.5182469383970898, 0.43120622122421476, 0.2249609597738447, 0.7863005312265026], [0.7792265795806165, 0.6791534891581846, -0.9173807183713683, 1.2402004388351417, 0.9753113555980838, -0.4874613476538964, 0.4037296983710836, 1.07558351102175, 1.4585161122176238, 0.16183937216436495], [0.6905323821498243, 0.47814443711728993, 0.5288630136202219, 0.9624448418755776, -0.5603062737988602, 1.4519132983904042, 1.1516764247393738, 1.125922188630585, 0.7791472645714629, 0.8466670921442043], [0.5972488283852414, 0.7289992181672007, 0.987031628795793, 0.6173331443010489, 0.5809645946901243, -0.23017487773664788, 0.9872330142954352, 1.3121264969407531, 0.4925707993926301, 0.317453873005105], [0.37177364680182984, 0.4136620193926688, 0.8975618127512098, 0.8256302457014799, 1.48524082567693, -0.09352645458780466, 0.2666502251630917, 0.536763338935507, -1.1270707599633951, 0.5254722593765903], [-0.7784731725305595, 0.5897046113466115, 0.5161422503226091, 0.5190706625779878, 0.4389373334929098, -0.03714182714096949, 0.6035992456698308, 1.2198962444205654, 0.8339702063083821, 0.8015317869635158], [0.2683399752604074, 0.5359730664586237, 1.1639810646175242, 1.4302468200649703, 0.5625034420046394, 0.35203692902911793, 0.5638774730027221, 0.47949993942912333, 0.40140438193043093, 0.32055608003312286], [1.1975210769267537, 0.41392714398654223, 0.23977234303282235, 1.2299045315454495, 0.007435825226024161, 0.46636183162582745, 0.2075136990803, 1.7038294289699227, -0.43694621746354556, 0.292305302711513], [0.13811049321899985, 0.8198243618245767, 0.43594160827469486, 0.15977739537790367, -0.09842853260175108, 1.3740825449520595, 0.4235864852729404, 0.934522341026246, 0.35071513160739887, 0.2221815618966883], [0.21383360879753566, 0.3981567754952785, 1.0410919919171566, 0.20527119717272288, -0.5043027193833665, 0.5640423627084633, 0.4506423245334021, 0.4443616854359015, 0.49903747988306124, 0.8821378781967338]]
bias_hidden:[1.3546326462894176, 1.5040672696907043, 1.0725217260302267, 0.4224533528887905, 1.0135784568875286, 0.24004486023607355, 0.7772228201735039, 0.35929536805324, 1.8600784119250728, 0.16458483960946554]
weights_hidden_output:[[1.1294859506708654], [-1.395356657277378], [1.193114080918501], [-1.3723765122287614], [1.719370750634871], [1.1167950860057207], [-1.471923251255773], [1.5954919527669131], [1.7076665837403668], [0.26282253113165116]]
bias_output:[-3.0225223296178214]
