weights_input_hidden:[[0.605345000146699, 0.7077587568678284, 0.3932038171197505, 0.5290060455048621, 0.5532605638430618, 0.6133204917451349, 0.19036864649106647, -0.49288524276251205, 0.8751624882392647, 0.7853934778213552], [1.0337029829983388, 0.6625517258773164, 0.06295430388486457, 0.3199571099460169, 0.2967300301741953, -1.2543088233429265, 0.9996469156201337, 0.7288601482844013, 1.261734048746666, 0.021180980929518266], [1.0555481871683148, 1.0594909197163689, -0.19955732432642728, 0.5402729725183454, 0.25350730899899193, 0.25051972279897977, 1.5371193357386657, 0.5860736877221966, -0.2498335659653247, -0.6015763054878439], [0.41704242794348445, 0.12104117909279516, 0.4568660289958486, 0.7316789219973415, 0.4904965252344293, 1.1729070459769588, 0.10709958247022265, 0.22268056589480614, 0.5740050086037458, 0.5782917688402358], [0.7285637326929217, -0.23259669659721124, 0.4812961591680142, 0.5285309518661905, 1.722861408723554, 0.31811674689305464, -0.3981017639461691, 0.5749619888473594, 0.4025723153915846, 0.3726531699710857], [0.11311711860996633, 0.7771480872511267, 0.49787468819637387, 0.5656094751097659, 0.6851517746282885, 0.09814757780421995, -0.6235164708123606, 1.272462612295834, 0.5873045760548739, -0.2158146850545761], [0.849770348636281, 0.59133522804199, 0.6692547028134986, 0.5899351388230426, 0.5242604101915617, 1.3990727077506449, -0.33036102318455657, 0.9010862713874396, -0.25848729311580215, 0.7892328918751161], [0.5531834636562836, 0.918131673367129, 0.3549117411481429, 0.3321997012929977, -0.3937568935619119, 0.8851035092744663, -0.08598740881644569, 0.710136113248415, 0.29687043656572387, 0.8110394522874032], [0.13227859475016826, 0.9972037934779113, 1.1270573464451705, 0.38814317003835147, 0.1780164325050504, 0.6590133071482325, 0.5519378068605459, 0.25373001520965144, 0.2805109676479398, 0.20254619465425885], [0.4025745698653239, 0.8361605108947932, 0.224650416299861, 0.3859714904484493, -0.3438189782759107, 0.7790509958061321, 0.20218246431225978, -0.04316763516302229, 0.773726883009639, 0.1453493614744752]]
bias_hidden:[-0.02547540412676489, -0.24861591316192566, 0.13849431259690237, 1.4235696456958165, 0.811389200874595, 1.5366925199270034, 1.3788506659793556, 0.7611399202803151, 0.5124866614459979, 1.008583639830985]
weights_hidden_output:[[-0.7355803949526085], [0.8636079074893511], [-0.6153611737322389], [-1.9159391874256695], [1.1412953186580534], [1.4147752784731291], [1.1910306898497645], [0.8206814092702618], [1.1281397898760201], [0.7078506083933117]]
bias_output:[-2.6667730742252833]
